0
0.1481950581073761
0.09408190101385117
0.06966244429349899
0.1282138228416443
0.041116733103990555
0.08070816844701767
0.06779803335666656
0.09217549115419388
0.12479985505342484
0.09605270624160767
0.055089071393013
0.042602382600307465
0.08710243552923203
0.06711263954639435
0.09093044698238373
0.06159944832324982
0.09583548456430435
0.038207754492759705
0.09751925617456436
0.040364425629377365
0.04724793881177902
0.08012547343969345
0.028551673516631126
0.024850811809301376
0.08603736758232117
0.1729687750339508
0.06099541112780571
0.06075100973248482
0.19942520558834076
