0
0.16705770790576935
0.070410817861557
0.08132681250572205
0.06151990592479706
0.1367400735616684
0.11640265583992004
0.12422950565814972
0.041915442794561386
0.0631815642118454
0.05542673170566559
0.03905310481786728
0.06357024610042572
0.018364587798714638
0.02261650189757347
0.07395815849304199
0.05697645619511604
0.022484682500362396
0.037006933242082596
0.04454634338617325
0.08013176172971725
0.07346196472644806
0.06247623264789581
0.07465643435716629
0.10907462239265442
0.07958266884088516
0.029936056584119797
0.055585913360118866
0.02967960573732853
0.075834721326828
0.1073991134762764
0.20296108722686768
0.08544929325580597
0.19724774360656738
0.1556447148323059
0.2108953297138214
0.533193826675415
0.12531740963459015
0.2602972984313965
0.4437781572341919
1.0551426410675049
0.6287603378295898
0.6497150659561157
0.36245736479759216
0.6298050284385681
0.4038866460323334
0.689253032207489
0.5124731063842773
0.48627734184265137
0.5724892616271973
0.7603121995925903
0.7426807880401611
0.4946042597293854
0.41906988620758057
0.19809237122535706
0.2530806064605713
0.15539808571338654
0.6780880689620972
0.38173621892929077
0.27016565203666687
0.3337007462978363
0.2541111707687378
0.31867077946662903
0.16521230340003967
0.13784533739089966
0.16447749733924866
0.05202719196677208
0.08712270110845566
0.05383631959557533
0.038474325090646744
0.10990435630083084
0.08279764652252197
0.13251125812530518
0.13043689727783203
0.02821393869817257
0.20609596371650696
0.09822137653827667
0.05137069523334503
0.02978033572435379
0.011175153777003288
0.02064669318497181
0.0651298463344574
0.021284809336066246
0.058924075216054916
0.013985063880681992
0.025428978726267815
0.054818227887153625
0.10549448430538177
0.11334206908941269
0.05138300731778145
0.022314511239528656
0.10187820345163345
0.011208020150661469
0.023885320872068405
0.11103253811597824
0.009650061838328838
0.11987211555242538
0.014906425029039383
0.029274992644786835
0.08238919824361801
