0
0.17132829129695892
0.17575204372406006
0.16471831500530243
0.11396957188844681
0.07792820781469345
0.15461507439613342
0.06486865133047104
0.09884261339902878
0.030870454385876656
0.040141116827726364
0.04788036271929741
0.10944599658250809
0.04086550697684288
0.1417539119720459
0.03298727795481682
0.09777867794036865
0.09025602787733078
0.06049847975373268
0.06135198101401329
0.08811984956264496
0.10964754223823547
0.04572424665093422
0.0705571100115776
0.06915955990552902
0.02637811191380024
0.1601601243019104
0.241073876619339
0.10142100602388382
0.46125084161758423
