0
0.16121304035186768
0.15247441828250885
0.20526230335235596
0.15010711550712585
0.06441798806190491
0.09924435615539551
0.09155412018299103
0.1269441694021225
0.06851556897163391
0.07767215371131897
0.0641077384352684
0.04635791853070259
0.06072528660297394
0.043114807456731796
0.19825433194637299
0.07723692059516907
0.11144372820854187
0.11095427721738815
0.1642472892999649
0.05336602032184601
0.0830569714307785
0.07984428852796555
0.14885753393173218
0.09007848054170609
0.021926721557974815
0.11721734702587128
0.2099618911743164
0.2950029671192169
0.06017868220806122
