0
0.32515695691108704
0.149537593126297
0.0794670432806015
0.14233137667179108
0.18831978738307953
0.0466272309422493
0.044938020408153534
0.044337980449199677
0.06197574734687805
0.06541916728019714
0.026706911623477936
0.03356723487377167
0.08650562912225723
0.13119912147521973
0.0891733467578888
0.05843256786465645
0.03280262649059296
0.04908265173435211
0.08135455846786499
0.04626230522990227
0.06111253425478935
0.02879314497113228
0.07034251093864441
0.07409131526947021
0.09152422100305557
0.10644988715648651
0.08380552381277084
0.1250125765800476
0.12462203204631805
0.07599146664142609
0.04463881999254227
0.10097470879554749
0.1072341799736023
0.12885388731956482
0.07337653636932373
0.05075044184923172
0.08109167218208313
0.1523086130619049
0.06114739179611206
0.091986283659935
0.07884307205677032
0.15505588054656982
0.10929526388645172
0.06613260507583618
0.12364549934864044
0.08815903216600418
0.1494068205356598
0.09783998131752014
0.07894272357225418
0.06405267864465714
0.1519216001033783
0.5415518283843994
0.21131758391857147
0.11681795865297318
0.21667377650737762
0.44535398483276367
0.4503783881664276
0.2147376537322998
0.46603772044181824
0.47598007321357727
0.6488352417945862
1.172990322113037
0.9861451983451843
0.3784947693347931
0.30312785506248474
0.4913112223148346
0.12575261294841766
0.41008442640304565
0.4803691506385803
0.2882974147796631
0.3485059440135956
1.0031551122665405
0.1662510335445404
0.8003439903259277
0.7504342198371887
0.10530548542737961
0.2891060709953308
0.3180277645587921
0.2195487916469574
0.13150519132614136
0.19020186364650726
0.2048264592885971
0.12469770759344101
0.07193829119205475
0.10101903975009918
0.13972239196300507
0.06667404621839523
0.11024798452854156
0.08059705793857574
0.12702685594558716
0.06414582580327988
0.028973527252674103
0.041464220732450485
0.03512942045927048
0.08991856873035431
0.0220327191054821
0.046332284808158875
0.010373396798968315
0.03652097284793854
